1 0.657813 0.525926 0.657813 0.527778 0.657292 0.528704 0.657292 0.538889 0.657813 0.539815 0.657813 0.547222 0.657813 0.545370 0.658333 0.544444 0.658333 0.541667 0.659375 0.537963 0.659896 0.530556 0.659375 0.528704 0.658854 0.526852 0.657813 0.525926
1 0.259375 0.520370 0.258854 0.522222 0.259896 0.525000 0.259375 0.520370
1 0.703646 0.514815 0.702604 0.515741 0.701562 0.517593 0.701042 0.523148 0.702083 0.524074 0.702604 0.525000 0.704167 0.525926 0.706250 0.525926 0.711979 0.524074 0.713542 0.524074 0.745833 0.525926 0.747917 0.525926 0.748958 0.525000 0.749479 0.523148 0.748958 0.517593 0.747917 0.515741 0.746875 0.514815 0.741146 0.515741 0.736458 0.514815 0.734896 0.514815 0.731771 0.515741 0.725000 0.515741 0.723958 0.515741 0.718229 0.514815 0.710938 0.515741 0.710417 0.514815 0.703646 0.514815
1 0.228646 0.510185 0.221354 0.512037 0.218750 0.512037 0.215104 0.511111 0.185417 0.511111 0.180208 0.511111 0.178125 0.512037 0.176563 0.512963 0.173437 0.515741 0.172396 0.517593 0.171875 0.519444 0.171354 0.521296 0.171354 0.525000 0.172396 0.526852 0.173958 0.527778 0.177083 0.528704 0.191146 0.528704 0.205729 0.527778 0.219271 0.525926 0.220833 0.525926 0.227604 0.526852 0.236458 0.525926 0.238021 0.525000 0.240104 0.524074 0.240104 0.522222 0.239063 0.517593 0.238542 0.515741 0.237500 0.513889 0.237500 0.512963 0.236979 0.512037 0.235937 0.511111 0.228646 0.510185
1 0.289062 0.506481 0.286979 0.508333 0.282292 0.507407 0.280729 0.511111 0.281250 0.524074 0.282292 0.525000 0.287500 0.525926 0.290625 0.532407 0.291667 0.532407 0.293229 0.531481 0.295833 0.528704 0.297396 0.527778 0.299479 0.526852 0.309375 0.525926 0.310937 0.525926 0.341667 0.526852 0.345313 0.525926 0.347917 0.524074 0.349479 0.524074 0.349479 0.514815 0.348958 0.512963 0.348438 0.512037 0.347396 0.511111 0.327083 0.511111 0.319271 0.509259 0.314583 0.509259 0.311458 0.511111 0.301563 0.511111 0.297917 0.510185 0.296354 0.509259 0.294792 0.506481 0.289062 0.506481
1 0.626563 0.504630 0.623437 0.507407 0.618750 0.507407 0.616146 0.510185 0.597396 0.509259 0.594271 0.509259 0.583854 0.511111 0.582812 0.511111 0.578646 0.510185 0.575000 0.511111 0.573958 0.512037 0.572917 0.513889 0.572396 0.516667 0.572396 0.520370 0.571875 0.521296 0.571875 0.524074 0.573438 0.524074 0.576042 0.525926 0.578646 0.526852 0.585417 0.525926 0.590104 0.525926 0.604167 0.525926 0.615625 0.525926 0.621354 0.526852 0.625000 0.527778 0.626563 0.529630 0.628125 0.529630 0.631250 0.528704 0.632812 0.527778 0.634375 0.525926 0.635938 0.524074 0.636458 0.522222 0.636979 0.519444 0.637500 0.516667 0.636458 0.512963 0.635417 0.512037 0.634375 0.512037 0.629687 0.506481 0.627604 0.504630 0.626563 0.504630
1 0.372396 0.502778 0.372917 0.504630 0.373437 0.502778 0.372396 0.502778
1 0.375521 0.496296 0.376042 0.498148 0.380729 0.497222 0.382812 0.498148 0.384375 0.499074 0.386458 0.500926 0.387500 0.502778 0.386458 0.503704 0.385937 0.504630 0.383333 0.504630 0.381250 0.506481 0.375521 0.506481 0.374479 0.508333 0.373958 0.511111 0.373958 0.524074 0.374479 0.525926 0.375000 0.526852 0.376042 0.527778 0.381771 0.527778 0.389583 0.526852 0.391667 0.528704 0.397917 0.528704 0.406771 0.526852 0.409375 0.526852 0.409896 0.527778 0.412500 0.527778 0.416146 0.525926 0.420312 0.525926 0.422396 0.525000 0.424479 0.524074 0.430208 0.520370 0.432812 0.519444 0.437500 0.519444 0.439063 0.521296 0.441146 0.521296 0.443750 0.519444 0.444271 0.517593 0.444271 0.515741 0.443750 0.512963 0.442708 0.510185 0.442708 0.502778 0.441667 0.500926 0.440625 0.500000 0.438542 0.499074 0.435937 0.498148 0.432812 0.497222 0.430208 0.497222 0.422917 0.498148 0.421875 0.499074 0.421354 0.500000 0.420833 0.501852 0.419792 0.507407 0.413542 0.507407 0.407813 0.506481 0.403646 0.504630 0.400521 0.506481 0.395833 0.506481 0.392188 0.508333 0.391146 0.507407 0.390104 0.506481 0.389583 0.505556 0.389062 0.503704 0.389062 0.500926 0.390625 0.496296 0.375521 0.496296
1 0.513542 0.489815 0.511979 0.490741 0.509896 0.492593 0.507812 0.492593 0.501563 0.491667 0.500521 0.493519 0.497396 0.500000 0.495312 0.500926 0.494271 0.501852 0.493750 0.502778 0.491667 0.507407 0.490625 0.510185 0.490625 0.512963 0.489583 0.516667 0.490625 0.517593 0.491146 0.518519 0.493750 0.519444 0.498958 0.519444 0.501563 0.521296 0.504687 0.521296 0.507292 0.522222 0.511458 0.524074 0.513542 0.525000 0.517708 0.528704 0.522917 0.526852 0.529167 0.527778 0.532292 0.525926 0.534896 0.525926 0.539062 0.526852 0.541146 0.528704 0.546354 0.528704 0.547396 0.526852 0.547917 0.524074 0.548438 0.520370 0.548438 0.512037 0.548958 0.507407 0.550521 0.502778 0.549479 0.501852 0.547396 0.501852 0.544792 0.504630 0.540104 0.504630 0.538021 0.506481 0.531771 0.506481 0.528125 0.510185 0.523438 0.511111 0.516667 0.510185 0.516146 0.508333 0.516146 0.500926 0.515625 0.497222 0.515104 0.493519 0.514583 0.491667 0.513542 0.489815
1 0.673438 0.484259 0.672917 0.486111 0.672396 0.487963 0.672917 0.493519 0.672917 0.497222 0.671875 0.499074 0.671354 0.502778 0.670833 0.510185 0.670312 0.521296 0.670312 0.537963 0.672396 0.544444 0.672396 0.546296 0.672917 0.547222 0.673438 0.549074 0.673958 0.547222 0.674479 0.544444 0.674479 0.542593 0.676042 0.537037 0.676562 0.530556 0.677083 0.529630 0.677604 0.527778 0.681250 0.528704 0.682292 0.524074 0.682813 0.521296 0.682813 0.515741 0.681771 0.512037 0.681250 0.501852 0.678646 0.501852 0.677604 0.503704 0.677083 0.500000 0.676562 0.499074 0.676562 0.497222 0.675000 0.495370 0.675000 0.487963 0.674479 0.486111 0.673438 0.484259
1 0.657292 0.468519 0.656771 0.475000 0.657292 0.505556 0.657813 0.506481 0.658333 0.517593 0.658333 0.513889 0.658854 0.512963 0.658333 0.496296 0.658333 0.490741 0.659375 0.484259 0.659896 0.475000 0.659375 0.470370 0.658854 0.468519 0.657292 0.468519
