1 0.638542 0.972222 0.637500 0.973148 0.637500 0.975926 0.638542 0.976852 0.641146 0.975000 0.638542 0.972222
1 0.630729 0.940741 0.630208 0.942593 0.630208 0.948148 0.630729 0.949074 0.630729 0.950926 0.631250 0.949074 0.631250 0.943519 0.630729 0.942593 0.630729 0.940741
1 0.680729 0.864815 0.679688 0.865741 0.677604 0.869444 0.677604 0.875000 0.678125 0.879630 0.678646 0.881481 0.679167 0.883333 0.681771 0.887963 0.684375 0.889815 0.688021 0.891667 0.693229 0.892593 0.695312 0.893519 0.700000 0.896296 0.702083 0.898148 0.704167 0.900926 0.705208 0.901852 0.706771 0.902778 0.708854 0.902778 0.712500 0.905556 0.715104 0.905556 0.717187 0.906481 0.720833 0.909259 0.725000 0.910185 0.729167 0.912963 0.733333 0.913889 0.735417 0.914815 0.742708 0.919444 0.744792 0.920370 0.748958 0.921296 0.751042 0.922222 0.754687 0.924074 0.756250 0.925926 0.757812 0.926852 0.761979 0.927778 0.764062 0.928704 0.767708 0.931481 0.769792 0.932407 0.772917 0.932407 0.773958 0.931481 0.774479 0.930556 0.775000 0.928704 0.776563 0.919444 0.776563 0.908333 0.776042 0.906481 0.775521 0.905556 0.774479 0.904630 0.772917 0.903704 0.771354 0.902778 0.768229 0.902778 0.766146 0.901852 0.762500 0.899074 0.760417 0.898148 0.758333 0.898148 0.748437 0.892593 0.746354 0.891667 0.743750 0.891667 0.740104 0.889815 0.735938 0.887037 0.729688 0.884259 0.727604 0.884259 0.719271 0.880556 0.710417 0.875000 0.708333 0.874074 0.706250 0.873148 0.704167 0.873148 0.702083 0.872222 0.700000 0.870370 0.695833 0.869444 0.691667 0.866667 0.689583 0.865741 0.686458 0.864815 0.680729 0.864815
1 0.638542 0.825926 0.638021 0.827778 0.637500 0.829630 0.639062 0.829630 0.638542 0.827778 0.638542 0.825926
1 0.564583 0.815741 0.564063 0.820370 0.564063 0.822222 0.564583 0.824074 0.566667 0.827778 0.568750 0.830556 0.570312 0.832407 0.572396 0.833333 0.575521 0.833333 0.579167 0.836111 0.583333 0.837037 0.585417 0.837963 0.594271 0.843519 0.604688 0.847222 0.606771 0.848148 0.610417 0.850926 0.616146 0.852778 0.619792 0.855556 0.621875 0.856481 0.623958 0.857407 0.626563 0.858333 0.629167 0.858333 0.630729 0.860185 0.631771 0.858333 0.632292 0.858333 0.633333 0.856481 0.633854 0.852778 0.633854 0.847222 0.632812 0.843519 0.630208 0.843519 0.626563 0.841667 0.622917 0.838889 0.619271 0.837037 0.617188 0.836111 0.615104 0.836111 0.613021 0.835185 0.609375 0.832407 0.599479 0.828704 0.595833 0.825926 0.590104 0.823148 0.580208 0.818519 0.573958 0.815741 0.564583 0.815741
1 0.649479 0.808333 0.650000 0.810185 0.650000 0.812037 0.650521 0.810185 0.650521 0.808333 0.649479 0.808333
1 0.540625 0.804630 0.538021 0.805556 0.534375 0.809259 0.535417 0.811111 0.536979 0.812037 0.538542 0.814815 0.539583 0.815741 0.541667 0.815741 0.542708 0.813889 0.543229 0.811111 0.543229 0.807407 0.542188 0.805556 0.540625 0.804630
1 0.470313 0.770370 0.466146 0.771296 0.463542 0.772222 0.462500 0.773148 0.461979 0.775926 0.462500 0.778704 0.463021 0.780556 0.466146 0.780556 0.474479 0.784259 0.478125 0.787037 0.480208 0.787963 0.482812 0.787963 0.484375 0.788889 0.485938 0.790741 0.489583 0.791667 0.493229 0.794444 0.496875 0.796296 0.498958 0.797222 0.504167 0.799074 0.506250 0.799074 0.506771 0.797222 0.507292 0.794444 0.506771 0.791667 0.505729 0.787963 0.504687 0.787037 0.500521 0.785185 0.497917 0.782407 0.495312 0.781481 0.490104 0.780556 0.488021 0.779630 0.485938 0.778704 0.480729 0.775000 0.478646 0.774074 0.474479 0.773148 0.470313 0.770370
1 0.673438 0.750926 0.671354 0.752778 0.670312 0.752778 0.671875 0.756481 0.672917 0.756481 0.673958 0.757407 0.677604 0.756481 0.678646 0.755556 0.679688 0.753704 0.680729 0.752778 0.679688 0.751852 0.678125 0.750926 0.673438 0.750926
1 0.380208 0.722222 0.378646 0.723148 0.377604 0.724074 0.376563 0.725926 0.376042 0.731481 0.376042 0.733333 0.377083 0.740741 0.378125 0.741667 0.379688 0.742593 0.382292 0.742593 0.388021 0.741667 0.390625 0.743519 0.393229 0.743519 0.398438 0.747222 0.404687 0.750000 0.409375 0.750926 0.412500 0.753704 0.417708 0.753704 0.421354 0.754630 0.424479 0.755556 0.426563 0.756481 0.428646 0.758333 0.430729 0.758333 0.432812 0.760185 0.435937 0.760185 0.436458 0.756481 0.435937 0.751852 0.434375 0.750926 0.432812 0.750000 0.428646 0.749074 0.426042 0.746296 0.423958 0.745370 0.421875 0.745370 0.419792 0.743519 0.417708 0.743519 0.416146 0.742593 0.414583 0.741667 0.411979 0.738889 0.407292 0.737963 0.404167 0.735185 0.399479 0.734259 0.396875 0.732407 0.391146 0.728704 0.390104 0.727778 0.388542 0.725000 0.386458 0.724074 0.384896 0.723148 0.381250 0.722222 0.380208 0.722222
