0 0.849219 0.423611 0.846094 0.426389 0.845313 0.434722 0.845313 0.445833 0.844531 0.451389 0.843750 0.452778 0.843750 0.455556 0.844531 0.458333 0.847656 0.461111 0.853125 0.462500 0.861719 0.463889 0.872656 0.463889 0.881250 0.466667 0.890625 0.468056 0.885156 0.469444 0.883594 0.470833 0.881250 0.473611 0.881250 0.476389 0.880469 0.477778 0.880469 0.481944 0.878906 0.487500 0.878906 0.493056 0.879687 0.497222 0.881250 0.501389 0.884375 0.506944 0.888281 0.506944 0.891406 0.504167 0.895312 0.502778 0.902344 0.501389 0.913281 0.501389 0.922656 0.500000 0.928906 0.498611 0.935156 0.495833 0.942969 0.495833 0.950781 0.493056 0.960938 0.493056 0.970313 0.491667 0.978906 0.488889 0.989844 0.488889 0.993750 0.486111 0.999219 0.486111 0.999219 0.448611 0.994531 0.448611 0.993750 0.447222 0.986719 0.445833 0.971875 0.443056 0.963281 0.443056 0.955469 0.440278 0.945312 0.440278 0.937500 0.437500 0.928906 0.437500 0.913281 0.433333 0.904687 0.433333 0.896875 0.430556 0.888281 0.429167 0.862500 0.425000 0.853906 0.423611 0.849219 0.423611
0 0.751563 0.412500 0.741406 0.413889 0.727344 0.418056 0.714844 0.418056 0.703125 0.420833 0.683594 0.427778 0.677344 0.429167 0.669531 0.429167 0.664062 0.430556 0.658594 0.433333 0.651563 0.434722 0.645312 0.434722 0.644531 0.433333 0.638281 0.433333 0.637500 0.436111 0.637500 0.438889 0.635156 0.441667 0.633594 0.447222 0.633594 0.450000 0.634375 0.461111 0.635156 0.466667 0.635938 0.469444 0.639062 0.475000 0.641406 0.476389 0.646875 0.476389 0.650000 0.475000 0.653125 0.472222 0.657031 0.470833 0.663281 0.469444 0.675781 0.466667 0.683594 0.465278 0.691406 0.465278 0.698438 0.462500 0.705469 0.462500 0.711719 0.459722 0.718750 0.458333 0.728125 0.458333 0.735156 0.456944 0.747656 0.452778 0.762500 0.451389 0.782031 0.452778 0.790625 0.452778 0.794531 0.451389 0.796094 0.450000 0.796875 0.448611 0.800781 0.440278 0.801562 0.437500 0.802344 0.434722 0.803125 0.429167 0.803125 0.423611 0.801562 0.418056 0.800000 0.418056 0.797656 0.415278 0.795312 0.413889 0.787500 0.412500 0.751563 0.412500
0 0.562500 0.397222 0.561719 0.397222 0.560937 0.400000 0.563281 0.404167 0.564844 0.404167 0.567969 0.398611 0.571875 0.402778 0.575000 0.400000 0.576562 0.398611 0.573438 0.398611 0.572656 0.397222 0.570312 0.397222 0.569531 0.398611 0.566406 0.398611 0.564063 0.395833 0.562500 0.397222
0 0.555469 0.395833 0.553906 0.397222 0.554688 0.401389 0.557813 0.401389 0.559375 0.398611 0.557813 0.397222 0.557031 0.395833 0.555469 0.395833
0 0.546875 0.391667 0.548438 0.405556 0.550000 0.402778 0.550781 0.400000 0.550781 0.397222 0.549219 0.394444 0.549219 0.393056 0.546875 0.391667
0 0.537500 0.391667 0.539062 0.391667 0.540625 0.394444 0.542188 0.391667 0.543750 0.391667 0.537500 0.391667
0 0.532813 0.390278 0.530469 0.391667 0.533594 0.394444 0.535937 0.391667 0.532813 0.390278
0 0.328125 0.386111 0.322656 0.387500 0.320312 0.388889 0.317969 0.390278 0.316406 0.391667 0.315625 0.394444 0.314844 0.397222 0.314844 0.416667 0.315625 0.423611 0.316406 0.427778 0.317969 0.431944 0.319531 0.433333 0.321875 0.434722 0.325781 0.434722 0.329688 0.433333 0.332813 0.431944 0.334375 0.430556 0.335938 0.429167 0.339844 0.425000 0.341406 0.422222 0.341406 0.415278 0.339062 0.404167 0.338281 0.391667 0.337500 0.388889 0.336719 0.387500 0.335156 0.386111 0.328125 0.386111
0 0.397656 0.338889 0.396875 0.341667 0.396875 0.356944 0.397656 0.366667 0.398438 0.375000 0.400000 0.381944 0.399219 0.391667 0.400000 0.395833 0.401562 0.395833 0.405469 0.394444 0.406250 0.395833 0.408594 0.395833 0.414062 0.391667 0.418750 0.390278 0.421094 0.388889 0.423438 0.384722 0.425781 0.379167 0.426563 0.375000 0.426563 0.359722 0.425781 0.355556 0.424219 0.351389 0.421875 0.347222 0.417187 0.343056 0.414844 0.341667 0.412500 0.340278 0.409375 0.338889 0.400781 0.337500 0.397656 0.338889
0 0.000000 0.268056 0.000000 0.319444 0.003906 0.319444 0.004687 0.320833 0.014844 0.320833 0.021875 0.322222 0.028906 0.325000 0.036719 0.326389 0.046875 0.326389 0.056250 0.327778 0.062500 0.330556 0.069531 0.331944 0.077344 0.333333 0.085938 0.334722 0.096094 0.336111 0.115625 0.337500 0.125000 0.338889 0.134375 0.340278 0.142187 0.341667 0.155469 0.345833 0.163281 0.347222 0.173437 0.347222 0.182812 0.348611 0.191406 0.350000 0.208594 0.354167 0.220312 0.354167 0.228906 0.355556 0.240625 0.359722 0.248438 0.361111 0.260156 0.362500 0.274219 0.362500 0.282813 0.363889 0.298438 0.368056 0.308594 0.369444 0.321875 0.370833 0.328125 0.370833 0.329688 0.368056 0.332031 0.368056 0.333594 0.366667 0.333594 0.359722 0.332813 0.354167 0.332031 0.348611 0.329688 0.337500 0.328906 0.334722 0.325781 0.327778 0.324219 0.326389 0.322656 0.325000 0.317969 0.323611 0.313281 0.322222 0.304688 0.320833 0.297656 0.320833 0.290625 0.319444 0.282813 0.318056 0.277344 0.315278 0.269531 0.313889 0.261719 0.312500 0.245312 0.311111 0.236719 0.309722 0.228906 0.306944 0.220312 0.306944 0.215625 0.304167 0.203906 0.304167 0.193750 0.302778 0.186719 0.301389 0.175000 0.297222 0.157812 0.295833 0.135937 0.290278 0.126562 0.290278 0.118750 0.287500 0.110937 0.287500 0.103125 0.284722 0.094531 0.284722 0.078906 0.281944 0.071094 0.280556 0.064844 0.279167 0.059375 0.276389 0.046094 0.275000 0.032813 0.275000 0.026562 0.272222 0.020313 0.272222 0.014063 0.269444 0.003125 0.268056 0.000000 0.268056
